[-0.01  0.  ]
[-0.01  0.  ]
[-0.01  0.  ]
[-0.01  0.  ]
[-0.01  0.  ]
[ 0.   -0.01]
[-0.01  0.  ]
[ 0.   -0.01]
[-0.01  0.  ]
[ 0.   -0.01]
[-0.01  0.  ]
[-0.01  0.  ]
[ 0.   -0.01]
[ 0.   -0.01]
[ 0.1  -0.01]
[-0.01  0.  ]
[ 0.   -0.01]
[-0.01  0.  ]
[-0.01  0.  ]
[-0.01  0.  ]
[-0.01  0.  ]
[ 0.   -0.01]
[ 0.   -0.01]
[-0.01  0.  ]
[ 0.   -0.01]
[-0.01  0.  ]
[ 0.   -0.01]
[-0.01  0.  ]
[-0.01  0.  ]
[-0.01  0.1 ]
[ 0.1  -0.01]
[ 0.   -0.01]
[ 0.   -0.01]
[-0.01  0.  ]
[-0.01  0.  ]
[ 0.   -0.01]
[ 0.   -0.01]
[-0.01  0.1 ]
[-0.01  0.  ]
[ 0.   -0.01]
[-0.01  0.  ]
[ 0.   -0.01]
[-0.01  0.  ]
[ 0.   -0.01]
[ 0.   -0.01]
[ 0.   -0.01]
[ 0.   -0.01]
[0.09 0.1 ]
[0.09 0.1 ]
[ 0.   -0.01]
[ 0.   -0.01]
[ 0.   -0.01]
[ 0.1  -0.01]
[-0.01  0.  ]
[-0.01  0.  ]
[ 0.   -0.01]
[ 0.   -0.01]
[0.1  0.19]
[ 0.   -0.01]
[ 0.   -0.01]
[-0.01  0.  ]
[ 0.1  -0.01]
[ 0.   -0.01]
[-0.01  0.  ]
[ 0.   -0.01]
[ 0.   -0.01]
[ 0.   -0.01]
[-0.01  0.  ]
[-0.01  0.  ]
[0.   0.09]
[0.   0.09]
[ 0.   -0.01]
[-0.01  0.  ]
[ 0.   -0.01]
[ 0.   -0.01]
[ 0.   -0.01]
[ 0.   -0.01]
[0.   0.09]
[-0.01  0.  ]
[ 0.1  -0.01]
[ 0.   -0.01]
[ 0.1  -0.01]
[ 0.   -0.01]
[ 0.   -0.01]
[-0.01  0.  ]
[ 0.   -0.01]
[ 0.1  -0.01]
[ 0.   -0.01]
[ 0.   -0.01]
[-0.01  0.  ]
[ 0.   -0.01]
[ 0.1  -0.01]
[ 0.1  -0.01]
[ 0.1  -0.01]
[ 0.   -0.01]
[-0.01  0.  ]
[ 0.1  -0.01]
[ 0.1  -0.01]
[ 0.   -0.01]
[ 0.1  -0.01]
[ 0.   -0.01]
[ 0.   -0.01]
[ 0.   -0.01]
[ 0.   -0.01]
[ 0.   -0.01]
[ 0.1  -0.01]
[ 0.1  -0.01]
[-0.01  0.  ]
[ 0.   -0.01]
[ 0.   -0.01]
[ 0.1  -0.01]
[ 0.   -0.01]
[ 0.   -0.01]
[ 0.   -0.01]
[ 0.1  -0.01]
[ 0.   -0.01]
[-0.01  0.  ]
[ 0.   -0.01]
[ 0.1  -0.01]
[ 0.1  -0.01]
[ 0.   -0.01]
[ 0.   -0.01]
[ 0.   -0.01]
[ 0.1  -0.01]
[ 0.1  -0.01]
[ 0.1  -0.01]
[ 0.   -0.01]
[ 0.   -0.01]
[ 0.   -0.01]
[0.1  0.09]
[ 0.   -0.01]
[ 0.1  -0.01]
[ 0.   -0.01]
[ 0.1  -0.01]
[ 0.1  -0.01]
[ 0.   -0.01]
[-0.01  0.  ]
[ 0.1  -0.01]
[ 0.   -0.01]
[-0.01  0.  ]
[ 0.   -0.01]
[ 0.1  -0.01]
[ 0.   -0.01]
[ 0.1  -0.01]
[ 0.   -0.01]
[ 0.1  -0.01]
[ 0.   -0.01]
[ 0.1  -0.01]
[ 0.   -0.01]
[ 0.1  -0.01]
[0.09 0.1 ]
[ 0.   -0.01]
[ 0.1  -0.01]
[ 0.1  -0.01]
[0.1  0.09]
[-0.01  0.  ]
[-0.01  0.1 ]
[ 0.   -0.01]
[ 0.   -0.01]
[ 0.   -0.01]
[ 0.   -0.01]
[ 0.   -0.01]
[ 0.   -0.01]
[-0.01  0.  ]
[ 0.   -0.01]
[-0.01  0.  ]
[ 0.1  -0.01]
[ 0.1  -0.01]
[ 0.   -0.01]
[ 0.1  -0.01]
[ 0.1  -0.01]
[ 0.   -0.01]
[ 0.1  -0.01]
[0.09 0.1 ]
[ 0.   -0.01]
[-0.01  0.  ]
[ 0.1  -0.01]
[ 0.   -0.01]
[-0.01  0.  ]
[ 0.1  -0.01]
[ 0.   -0.01]
[ 0.   -0.01]
[ 0.1  -0.01]
[ 0.   -0.01]
[ 0.   -0.01]
[ 0.   -0.01]
[ 0.   -0.01]
[ 0.   -0.01]
[ 0.1  -0.01]
[ 0.1  -0.01]
[ 0.   -0.01]
[ 0.   -0.01]
[ 0.1  -0.01]
[ 0.   -0.01]
[ 0.1  -0.01]
[ 0.1  -0.01]
[ 0.   -0.01]
[ 0.   -0.01]
[ 0.   -0.01]
[ 0.1  -0.01]
[-0.01  0.  ]
[ 0.1  -0.01]
[ 0.   -0.01]
[ 0.1  -0.01]
[ 0.   -0.01]
[ 0.1  -0.01]
[ 0.   -0.01]
[-0.01  0.  ]
[ 0.1  -0.01]
[ 0.   -0.01]
[ 0.   -0.01]
[ 0.   -0.01]
[ 0.   -0.01]
[ 0.   -0.01]
[ 0.   -0.01]
[ 0.   -0.01]
[ 0.   -0.01]
[ 0.   -0.01]
[ 0.   -0.01]
[ 0.   -0.01]
[0.09 0.1 ]
[ 0.   -0.01]
[ 0.1  -0.01]
[ 0.   -0.01]
[ 0.1  -0.01]
[ 0.   -0.01]
[ 0.1  -0.01]
[ 0.   -0.01]
[ 0.   -0.01]
[ 0.   -0.01]
[-0.01  0.  ]
[-0.01  0.  ]
[ 0.   -0.01]
[0.09 0.1 ]
[0.09 0.1 ]
[ 0.1  -0.01]
[ 0.1  -0.01]
[ 0.   -0.01]
[ 0.   -0.01]
[ 0.1  -0.01]
[ 0.1  -0.01]
[ 0.1  -0.01]
[ 0.1  -0.01]
[ 0.1  -0.01]
[0.2  0.29]
[-0.01  0.1 ]
[ 0.1  -0.01]
[ 0.1  -0.01]
[ 0.1  -0.01]
[ 0.   -0.01]
[ 0.1  -0.01]
[-0.01  0.1 ]
[0.   0.09]
[0.2  0.09]
[ 0.1  -0.01]
[0.09 0.1 ]
[ 0.1  -0.01]
[ 0.   -0.01]
[ 0.1  -0.01]
[ 0.   -0.01]
[ 0.1  -0.01]
[ 0.1  -0.01]
[0.   0.09]
[ 0.   -0.01]
[ 0.1  -0.01]
[ 0.   -0.01]
[ 0.   -0.01]
[0.09 0.1 ]
[ 0.   -0.01]
[ 0.   -0.01]
[ 0.   -0.01]
[ 0.1  -0.01]
[ 0.1  -0.01]
[ 0.   -0.01]
[ 0.   -0.01]
[ 0.   -0.01]
[-0.01  0.  ]
[ 0.1  -0.01]
[-0.01  0.  ]
[ 0.   -0.01]
[0.09 0.1 ]
[0.   0.09]
[0.   0.09]
[ 0.1  -0.01]
[ 0.1  -0.01]
[0.   0.09]
[0.   0.09]
[ 0.1  -0.01]
[ 0.   -0.01]
[ 0.1  -0.01]
[ 0.1  -0.01]
[ 0.   -0.01]
[0.   0.09]
[ 0.   -0.01]
[ 0.1  -0.01]
[ 0.1  -0.01]
[ 0.   -0.01]
[ 0.1  -0.01]
[ 0.   -0.01]
[0.09 0.1 ]
[ 0.   -0.01]
[0.09 0.1 ]
[-0.01  0.1 ]
[ 0.   -0.01]
[-0.01  0.  ]
[ 0.   -0.01]
[0.19 0.2 ]
[ 0.1  -0.01]
[ 0.   -0.01]
[ 0.1  -0.01]
[ 0.1  -0.01]
[0.09 0.1 ]
[0.09 0.1 ]
[0.   0.09]
[ 0.   -0.01]
[0.09 0.1 ]
[0.09 0.1 ]
[0.   0.09]
[ 0.1  -0.01]
[ 0.1  -0.01]
[0.2  0.09]
[ 0.1  -0.01]
[ 0.   -0.01]
[0.09 0.1 ]
[ 0.1  -0.01]
[ 0.   -0.01]
[ 0.1  -0.01]
[ 0.   -0.01]
[ 0.1  -0.01]
[ 0.   -0.01]
[ 0.1  -0.01]
[ 0.   -0.01]
[ 0.   -0.01]
[ 0.1  -0.01]
[ 0.   -0.01]
[ 0.1  -0.01]
[ 0.1  -0.01]
[-0.01  0.1 ]
[0.   0.09]
[ 0.1  -0.01]
[0.09 0.1 ]
[ 0.   -0.01]
[0.1  0.09]
[ 0.1  -0.01]
[ 0.1  -0.01]
[ 0.   -0.01]
[0.2  0.09]
[0.2  0.09]
[ 0.1  -0.01]
[ 0.   -0.01]
[ 0.1  -0.01]
[ 0.1  -0.01]
[ 0.1  -0.01]
[ 0.   -0.01]
[ 0.1  -0.01]
[ 0.1  -0.01]
[ 0.   -0.01]
[ 0.1  -0.01]
[ 0.1  -0.01]
[ 0.1  -0.01]
[ 0.   -0.01]
[0.19 0.2 ]
[ 0.   -0.01]
[0.   0.09]
[ 0.   -0.01]
[0.19 0.2 ]
[ 0.   -0.01]
[ 0.   -0.01]
[ 0.1  -0.01]
[ 0.1  -0.01]
[ 0.1  -0.01]
[ 0.   -0.01]
[ 0.1  -0.01]
[ 0.1  -0.01]
[ 0.   -0.01]
[ 0.1  -0.01]
[ 0.1  -0.01]
[0.09 0.1 ]
[ 0.1  -0.01]
[ 0.   -0.01]
[0.   0.09]
[0.09 0.1 ]
[0.   0.09]
[ 0.1  -0.01]
[ 0.1  -0.01]
[ 0.   -0.01]
[ 0.1  -0.01]
[ 0.1  -0.01]
[ 0.   -0.01]
[ 0.1  -0.01]
[ 0.   -0.01]
[ 0.1  -0.01]
[0.2  0.09]
[ 0.1  -0.01]
[ 0.1  -0.01]
[ 0.   -0.01]
[0.   0.09]
[0.09 0.1 ]
[ 0.   -0.01]
[0.2  0.09]
[ 0.   -0.01]
[0.09 0.1 ]
[ 0.   -0.01]
[ 0.1  -0.01]
[0.   0.09]
[0.19 0.2 ]
[0.09 0.1 ]
[ 0.   -0.01]
[0.09 0.1 ]
[ 0.   -0.01]
[0.   0.09]
[ 0.   -0.01]
[ 0.1  -0.01]
[ 0.   -0.01]
[ 0.1  -0.01]
[ 0.   -0.01]
[ 0.1  -0.01]
[ 0.   -0.01]
[ 0.   -0.01]
[ 0.1  -0.01]
[ 0.   -0.01]
[0.   0.09]
[ 0.1  -0.01]
[ 0.1  -0.01]
[ 0.   -0.01]
[0.   0.09]
[0.   0.09]
[0.09 0.1 ]
[ 0.   -0.01]
[0.   0.09]
[0.09 0.1 ]
[ 0.   -0.01]
[0.   0.09]
[0.09 0.1 ]
[0.   0.09]
[0.29 0.3 ]
[ 0.1  -0.01]
[ 0.1  -0.01]
[0.09 0.1 ]
[ 0.1  -0.01]
[0.09 0.1 ]
[0.09 0.1 ]
[ 0.   -0.01]
[0.   0.09]
[0.   0.09]
[ 0.   -0.01]
[ 0.1  -0.01]
[ 0.1  -0.01]
[ 0.1  -0.01]
[ 0.   -0.01]
[ 0.1  -0.01]
[0.   0.09]
[0.09 0.1 ]
[ 0.1  -0.01]
[ 0.   -0.01]
[ 0.   -0.01]
[0.09 0.1 ]
[ 0.1  -0.01]
[ 0.   -0.01]
[ 0.1  -0.01]
[ 0.1  -0.01]
[ 0.1  -0.01]
[ 0.1  -0.01]
[ 0.   -0.01]
[ 0.1  -0.01]
[ 0.   -0.01]
[ 0.1  -0.01]
[ 0.1  -0.01]
[ 0.   -0.01]
[0.   0.09]
[ 0.1  -0.01]
[ 0.   -0.01]
[0.99000002 1.00000001]
[ 0.1  -0.01]
[0.2  0.19]
[0.   0.09]
[ 0.1  -0.01]
[ 0.1  -0.01]
[0.   0.09]
[0.   0.09]
[ 0.   -0.01]
[0.29 0.3 ]
[ 0.1  -0.01]
[0.59000001 0.60000001]
[0.   0.09]
[ 0.1  -0.01]
[0.89000001 0.90000001]
[ 0.   -0.01]
[0.   0.09]
[ 0.   -0.01]
[0.   0.09]
[ 0.   -0.01]
[ 0.   -0.01]
[0.   0.09]
[0.2  0.09]
[0.2  0.09]
[0.   0.09]
[0.2  0.09]
[0.   0.09]
[0.   0.09]
[0.   0.09]
[0.   0.09]
[0.   0.09]
[0.   0.09]
[ 0.1  -0.01]
[0.   0.09]
[0.09 0.1 ]
[0.   0.09]
[ 0.1  -0.01]
[-0.01  0.1 ]
[0.   0.09]
[ 0.   -0.01]
[ 0.1  -0.01]
[0.   0.09]
[ 0.1  -0.01]
[ 0.1  -0.01]
[ 0.1  -0.01]
[ 0.   -0.01]
[ 0.1  -0.01]
[0.09 0.1 ]
[0.09 0.1 ]
[ 0.   -0.01]
[-0.01  0.1 ]
[0.09 0.1 ]
[ 0.1  -0.01]
[0.2  0.09]
[ 0.   -0.01]
[0.   0.09]
[ 0.   -0.01]
[0.   0.09]
[0.09 0.1 ]
[ 0.   -0.01]
[0.   0.09]
[0.   0.09]
[ 0.1  -0.01]
[ 0.   -0.01]
[0.09 0.1 ]
[ 0.1  -0.01]
[0.09 0.1 ]
[ 0.1  -0.01]
[0.   0.09]
[0.09 0.1 ]
[ 0.   -0.01]
[0.   0.09]
[ 0.1  -0.01]
[-0.01  0.1 ]
[ 0.1  -0.01]
[ 0.   -0.01]
[ 0.   -0.01]
[ 0.   -0.01]
[0.09 0.1 ]
[0.09 0.1 ]
[-0.01  0.  ]
[ 0.1  -0.01]
[0.19 0.2 ]
[ 0.   -0.01]
[0.09 0.1 ]
[0.   0.09]
[ 0.1  -0.01]
[0.09 0.1 ]
[0.   0.09]
[0.   0.09]
[ 0.1  -0.01]
[0.   0.09]
[ 0.1  -0.01]
[0.   0.09]
[ 0.1  -0.01]
[0.   0.09]
[0.09 0.1 ]
[ 0.   -0.01]
[ 0.   -0.01]
[ 0.1  -0.01]
[ 0.1  -0.01]
[0.2  0.09]
[0.   0.09]
[0.   0.09]
[ 0.1  -0.01]
[0.   0.09]
[ 0.1  -0.01]
[0.   0.09]
[0.   0.09]
[0.   0.09]
[0.3  0.19]
[0.40000001 0.29      ]
[0.09 0.1 ]
[0.   0.09]
[0.   0.09]
[ 0.   -0.01]
[0.   0.09]
[ 0.1  -0.01]
[0.   0.09]
[0.   0.09]
[0.   0.09]
[0.39000001 0.40000001]
[0.   0.09]
[ 0.1  -0.01]
[0.09 0.1 ]
[0.   0.09]
[ 0.1  -0.01]
[0.   0.09]
[ 0.1  -0.01]
[0.   0.09]
[0.29 0.3 ]
[0.   0.09]
[ 0.1  -0.01]
[0.   0.09]
[ 0.1  -0.01]
[0.   0.09]
[0.2  0.09]
[0.09 0.1 ]
[0.19 0.2 ]
[ 0.1  -0.01]
[-0.01  0.1 ]
[0.09 0.1 ]
[0.   0.09]
[0.2  0.09]
[0.   0.09]
[0.   0.09]
[0.2  0.09]
[0.   0.09]
[0.   0.09]
[0.90000001 0.79000001]
[ 0.1  -0.01]
[0.   0.09]
[0.   0.09]
[0.   0.09]
[ 0.1  -0.01]
[0.   0.09]
[0.3  0.19]
[0.   0.09]
[ 0.1  -0.01]
[0.   0.09]
[ 0.1  -0.01]
[0.   0.09]
[0.09 0.1 ]
[0.   0.09]
[0.   0.09]
[ 0.1  -0.01]
[0.   0.09]
[ 0.1  -0.01]
[ 0.1  -0.01]
[0.09 0.1 ]
[0.   0.09]
[ 0.1  -0.01]
[0.   0.09]
[0.   0.09]
[0.   0.09]
[0.   0.09]
[ 0.1  -0.01]
[0.19 0.2 ]
[0.   0.09]
[0.   0.09]
[0.   0.09]
[0.   0.09]
[0.39000001 0.40000001]
[0.   0.09]
[ 0.1  -0.01]
[0.   0.09]
[ 0.1  -0.01]
[ 0.1  -0.01]
[0.09 0.1 ]
[0.79000001 0.80000001]
[ 0.1  -0.01]
[ 0.1  -0.01]
[0.09 0.1 ]
[ 0.1  -0.01]
[1.99000003 2.00000003]
[ 0.   -0.01]
[0.   0.09]
[ 0.1  -0.01]
[0.2  0.19]
[ 0.   -0.01]
[ 0.1  -0.01]
[ 0.   -0.01]
[ 0.   -0.01]
[ 0.   -0.01]
[0.29 0.3 ]
[ 0.   -0.01]
[0.2  0.09]
[ 0.   -0.01]
[0.40000001 0.29      ]
[ 0.   -0.01]
[ 0.   -0.01]
[0.   0.09]
[ 0.1  -0.01]
[ 0.   -0.01]
[0.40000001 0.29      ]
[0.   0.09]
[ 0.1  -0.01]
[ 0.   -0.01]
[0.09 0.1 ]
[0.2        0.19000001]
[0.19 0.2 ]
[0.   0.09]
[0.09 0.1 ]
[0.   0.09]
[0.   0.09]
[0.40000001 0.29      ]
[0.   0.09]
[0.   0.09]
[ 0.1  -0.01]
[0.09 0.1 ]
[0.3  0.19]
[ 0.   -0.01]
[ 0.1  -0.01]
[0.09 0.1 ]
[ 0.1  -0.01]
[0.   0.09]
[0.   0.09]
[0.39000001 0.40000001]
[0.1  0.09]
[ 0.1  -0.01]
[0.1  0.09]
[ 0.1  -0.01]
[0.09 0.1 ]
[ 0.1  -0.01]
[0.   0.09]
[0.2  0.09]
[0.1  0.09]
[0.   0.09]
[0.   0.09]
[0.19 0.2 ]
[0.29 0.3 ]
[0.3  0.19]
[ 0.1  -0.01]
[0.   0.09]
[0.   0.09]
[0.   0.09]
[0.   0.09]
[0.   0.09]
[0.   0.09]
[0.19 0.2 ]
[ 0.1  -0.01]
[0.   0.09]
[0.   0.09]
[-0.01  0.1 ]
[0.   0.09]
[0.40000001 0.29      ]
[0.   0.09]
[0.18 0.2 ]
[0.   0.09]
[0.   0.09]
[0.   0.09]
[0.39000001 0.40000001]
[0.   0.09]
[0.2  0.09]
[1.09000002 1.10000002]
[1.39000002 1.40000002]
[0.   0.09]
[0.69000001 0.70000001]
[1.39000002 1.40000002]
[0.89000001 0.90000001]
[0.40000001 0.29      ]
[0.99000002 1.00000001]
[0.   0.09]
[0.   0.09]
[0.   0.09]
[0.   0.09]
[0.29 0.3 ]
[0.   0.09]
[2.19000003 2.20000003]
[0.2  0.09]
[2.40000004 2.39000004]
[2.39000004 2.40000004]
[-0.01  0.1 ]
[0.19 0.2 ]
[2.60000004 2.50000004]
[0.89000001 1.00000001]
[-0.01  0.  ]
[0.   0.09]
[0.   0.09]
[0.   0.09]
[-0.01  0.  ]
[0.   0.09]
[2.60000004 2.50000004]
[1.59000002 1.70000003]
[0.60000001 0.49000001]
[0.19 0.2 ]
[-0.01  0.1 ]
[2.60000004 2.60000004]
[-0.01  0.  ]
[2.60000004 2.50000004]
[-0.01  0.1 ]
[1.49000002 1.50000002]
[0.2  0.19]
[0.   0.09]
[-0.01  0.1 ]
[2.09000003 2.10000003]
[-0.01  0.1 ]
[-0.01  0.1 ]
[0.89000001 0.90000001]
[-0.01  0.1 ]
[-0.01  0.1 ]
[0.   0.09]
[2.60000004 2.50000004]
[2.60000004 2.60000004]
[2.50000004 2.60000004]
[0.80000001 0.69000001]
